226.877 269.159 36.5091
381.613 -244.482 -223.949
-495.929 -58.504 -78.9705
339.937 418.676 -282.137
336.513 -385.315 433.837
259.661 76.6452 54.9619
173.819 -485.553 -122.082
295.013 251.983 335.095
-450.345 444.562 -36.5871
-125.207 211.995 -316.178
-380.738 -208.46 433.411
-239.927 398.533 -305.645
-24.6128 -315.657 -302.671
24.6312 443.761 -330.672
429.137 219.043 -583.213
-341.161 359.674 -167.692
275.222 -269.879 34.4891
-473.387 488.165 159.956
239.873 5.40494 -56.321
424.389 -265.865 -567.056
