420.969 420.969 -837.966
420.969 420.969 -837.966
420.969 420.969 -837.966
420.969 420.969 -837.966
420.969 420.969 -837.966
420.969 420.969 -837.966
420.969 420.969 -837.966
420.969 420.969 -837.966
420.969 420.969 -837.966
420.969 420.969 -837.966
420.969 420.969 -837.966
420.969 420.969 -837.966
420.969 420.969 -837.966
420.969 420.969 -837.966
420.969 420.969 -837.966
420.969 420.969 -837.966
420.969 420.969 -837.966
420.969 420.969 -837.966
420.969 420.969 -837.966
420.969 420.969 -837.966
420.969 420.969 -837.966
420.969 420.969 -837.966
420.969 420.969 -837.966
420.969 420.969 -837.966
420.969 420.969 -837.966
420.969 420.969 -837.966
420.969 420.969 -837.966
420.969 420.969 -837.966
420.969 420.969 -837.966
420.969 420.969 -837.966
420.969 420.969 -837.966
420.969 420.969 -837.966
420.969 420.969 -837.966
420.969 420.969 -837.966
420.969 420.969 -837.966
420.969 420.969 -837.966
420.969 420.969 -837.966
420.969 420.969 -837.966
420.969 420.969 -837.966
420.969 420.969 -837.966
420.969 420.969 -837.966
420.969 420.969 -837.966
420.969 420.969 -837.966
420.969 420.969 -837.966
420.969 420.969 -837.966
420.969 420.969 -837.966
420.969 420.969 -837.966
420.969 420.969 -837.966
420.969 420.969 -837.966
420.969 420.969 -837.966
420.969 420.969 -837.966
420.969 420.969 -837.966
420.969 420.969 -837.966
420.969 420.969 -837.966
420.969 420.969 -837.966
420.969 420.969 -837.966
420.968 420.969 -837.966
420.969 420.969 -837.966
420.969 420.969 -837.966
420.968 420.969 -837.966
420.968 420.969 -837.966
420.968 420.969 -837.966
420.969 420.969 -837.966
420.969 420.969 -837.966
420.969 420.969 -837.966
420.969 420.969 -837.966
420.969 420.969 -837.966
420.969 420.969 -837.966
420.969 420.969 -837.966
420.969 420.969 -837.966
420.969 420.969 -837.966
420.969 420.969 -837.966
420.969 420.969 -837.966
420.968 420.969 -837.966
420.968 420.969 -837.966
420.968 420.969 -837.966
420.968 420.969 -837.966
420.969 420.969 -837.966
420.968 420.969 -837.966
420.968 420.969 -837.966
420.969 420.969 -837.966
420.969 420.969 -837.966
420.969 420.969 -837.966
420.968 420.969 -837.966
420.969 420.969 -837.966
420.969 420.969 -837.966
420.968 420.969 -837.966
420.968 420.969 -837.966
420.969 420.969 -837.966
420.969 420.969 -837.966
420.969 420.969 -837.966
420.968 420.969 -837.966
420.969 420.969 -837.966
420.969 420.969 -837.966
420.968 420.969 -837.966
420.968 420.969 -837.966
420.969 420.969 -837.966
420.969 420.969 -837.966
420.969 420.969 -837.966
420.968 420.969 -837.966
